8.778848394828469015e-01 -1.781280508175869803e-01 4.445093993585551018e-01 4.327056409981910434e+00 4.482295591860468442e-01 -2.105772075603823054e-02 -8.936704284401733034e-01 -4.554584560749013633e+00 1.685481262964926563e-01 9.837819727503079870e-01 6.135600389084752693e-02 2.112995846051780813e+00
7.082025838253037664e-01 -7.553030695434126418e-02 -7.019574581087850706e-01 -9.311588679375629951e+00 -7.059974192130061832e-01 -8.152634981631948219e-02 -7.035062887780052510e-01 -1.251575901380713240e+01 -4.091983350239060402e-03 9.938051252720576656e-01 -1.110613733718941176e-01 5.081808812650695506e-02
8.995390481784935055e-01 -1.865565287489675400e-02 4.364418259263670996e-01 4.072462140274196507e+00 4.213510113141760161e-01 3.007409604008748905e-01 -8.555806215674127690e-01 -1.910761022675833365e+00 -1.152945188057570569e-01 9.535233826985947125e-01 2.783888154728529907e-01 2.237367897190970290e+00
4.091322378556225270e-01 5.989927068914988051e-02 -9.105069408401883502e-01 -1.022804136424051258e+01 -9.000358028611180616e-01 1.906936766211659029e-01 -3.918819659857353255e-01 -5.192581374099503044e+00 1.501544721791301384e-01 9.798203912287242190e-01 1.319304188464384409e-01 1.626578535788506086e+00
9.899544996251959939e-01 -4.087915181808663562e-02 -1.353476398703042649e-01 -3.370187180630770385e+00 -1.236339227216323722e-01 2.141244554741934258e-01 -9.689506544300083846e-01 -1.641074474734283584e+01 6.859112059362484914e-02 9.759506199160457030e-01 2.069194182796695314e-01 5.339950005565716751e+00
8.625065264752842520e-01 -1.353235129808737225e-01 4.876166923127787656e-01 7.073601630559291920e+00 5.060459384162072638e-01 2.306458846342324120e-01 -8.310956528064339377e-01 -5.986436667096387332e+00 0.000000000000000000e+00 9.635818713196132590e-01 2.674134949178749721e-01 3.519200702918729995e+00
9.722397436115374214e-01 2.100760069208620906e-02 -2.330419740204196788e-01 4.153442950377759679e+00 -2.339851146500278589e-01 9.120556838207170836e-02 -9.679527418310857056e-01 -1.862242566777905850e+01 9.203610082149063683e-04 9.956104785553760994e-01 9.358914427618972298e-02 6.747458631125363482e+00
6.780884363084105360e-01 1.940691252996158134e-01 -7.088957942816819235e-01 -1.735090935630499942e+01 -7.349408656440038490e-01 1.890312317952621002e-01 -6.512519615420809815e-01 -9.320228024006752321e+00 7.615546681416350376e-03 9.626029129456277200e-01 2.708092233239762781e-01 5.978671569470890290e+00
8.800322271467324597e-01 -4.753465458498952467e-02 -4.725290846039507109e-01 -5.573447538084600694e+00 -4.749139701245000400e-01 -8.811018976501198974e-02 -8.756102531607078410e-01 -4.866796797625321247e+00 -1.279637887202022589e-05 9.949759047700900139e-01 -1.001146780606788772e-01 3.473578307238821550e-01
9.919741810440342311e-01 -1.918507676881497535e-03 -1.264260395263230030e-01 -1.912759473301826607e-01 -1.264233478696416557e-01 -3.156400812512113324e-02 -9.914740795928599359e-01 -5.580946144597362935e-01 -2.088361905707825962e-03 9.994998913053323442e-01 -3.155322527380924336e-02 5.686810680603917589e-01
